970628
758397
749999
546468
561956
4111
147372
295697
277148
62257
72242
184760
283247
569024
384117
786363
710798
88832
963412
17174
92689
306095
776148
16470
471185
519702
269365
754065
635984
486095
603295
143743
787495
273340
511618
641599
125530
62053
459273
575022
884468
780733
570662
958319
154361
974299
121979
623188
254060
67659
136628
675809
646830
864377
559253
808082
364475
780330
846731
691228
8652
485316
558474
743032
858543
233056
448422
343033
941295
680689
153035
270009
499307
816363
113278
