495064
633127
553821
702920
726258
652974
40953
672492
878862
852418
85658
163858
477342
900675
816464
867259
205139
310464
194148
413069
89822
132540
507374
801076
268096
290541
155606
574079
105280
391023
503647
208005
543421
923179
870924
746256
829124
326395
707116
656968
311706
553535
47653
617697
268659
776072
296359
517340
240210
263119
656588
310217
962464
855978
660036
76778
484217
912921
225511
390602
354869
821633
650055
466573
131402
825327
458931
78594
844324
229239
537394
86241
225028
404497
491791
