178248
297657
359810
535639
118205
762504
6718
856743
16910
92398
747628
699711
344335
57724
43930
776238
81312
783039
165100
992468
144291
106334
733887
337083
402448
676237
710768
856147
222743
92466
529964
538971
550155
246384
762638
847701
622798
396886
972950
423864
860397
669282
427497
372428
706690
426533
457379
893598
793435
373691
653930
486379
601083
910774
568205
134574
112581
914313
245336
289049
956390
69838
930172
938998
696669
507767
258772
891266
542206
889248
470665
767076
288988
623237
814468
