382221
983608
403414
921589
655087
713688
245842
258817
686919
722815
634509
225914
437692
136813
618143
628461
354634
283539
605920
724109
86088
586111
730345
383955
340422
319073
846628
201111
141187
335272
423235
429717
186262
158534
990089
318742
920512
932910
745903
509760
757875
280911
644340
382490
6316
675485
479741
799584
312403
33791
365660
422248
20653
141229
902342
484764
71267
487741
162730
920455
772070
929457
397640
111032
917961
830895
813978
663983
257522
644433
383592
516083
533721
108623
716039
